53843
28882
58741
29044
52920
30809
18279
41982
52896
5044
49939
36036
55477
32899
39152
18418
25215
53483
29246
55328
22855
18430
11226
36015
31322
28203
37537
41686
56318
50023
8230
26968
51142
16572
19153
6605
34298
25600
49614
14169
26268
2666
35590
30503
18325
22508
44418
3166
7526
40970
53581
15090
27593
21016
49838
45589
21935
19510
11527
6026
54940
8067
24916
5396
11180
2050
35861
44528
57680
15492
36003
429
41516
51145
34261
56932
21018
50756
42696
56167
54477
1830
4371
26091
34376
2256
43645
34536
4430
25112
59119
51624
27731
37163
59364
2069
40352
50992
52504
23447
57158
10380
28974
51114
34790
15844
58235
2462
33682
44798
14279
3408
13906
35374
51080
8111
17868
22774
7702
53029
1556
36025
12364
32694
16113
25933
6406
17578
10559
23972
1456
57754
48825
27203
10422
12798
41922
45051
51481
44068
55936
4472
17038
9039
38210
2688
18335
6547
41388
39921
44550
38760
20793
332
57460
2527
10076
30363
47602
6260
14990
28997
5453
27494
49959
43506
10758
49141
18707
26653
33726
33710
46690
51462
15966
51862
17839
51864
25899
19711
11058
58933
46102
11541
18369
1695
9398
27377
9459
40464
37207
14759
9963
39924
7004
47020
25443
38450
48442
8972
8455
59008
10719
50404
58741
33962
57636
38564
5016
59404
16571
54938
53550
26307
7056
44606
59630
30882
40624
19175
13174
40948
7796
51636
18452
42598
28433
22602
53891
3206
15372
7422
48544
38778
50392
23876
10502
35378
16601
6558
2674
9732
37813
49698
9748
31157
3632
49646
21817
52762
38500
38196
4936
26018
8913
42672
51580
50114
20721
494
30013
4192
57867
51384
49945
55524
12282
25336
47938
5470
23322
34392
22168
45039
7946
38668
46913
16955
21691
6678
52410
17455
17703
36252
56896
16289
11218
23896
49592
7044
32864
51726
33990
25672
17392
16216
32778
25366
38381
34382
49308
36150
57780
41264
2206
54832
56961
47640
8840
19950
50300
11746
33512
6844
45579
42721
3952
50848
39002
18298
33406
10485
2562
22126
38746
22766
52694
26371
1899
56384
24762
3208
29288
58731
10330
15076
4771
48874
42878
15652
832
34266
55232
12920
26719
11134
45722
54202
43142
54996
20045
26793
43206
22649
13967
16762
29569
55786
19138
13646
58018
26657
49106
17851
51559
11116
45635
31584
21180
30679
45548
17115
40180
41550
32907
12829
17916
38357
5500
1508
22111
2386
55378
24975
51109
26802
8336
35902
40769
36261
54484
49453
12191
38357
30583
8426
11727
42964
43302
50299
59167
5112
1778
5594
58628
25410
23690
58866
6750
25857
57867
45258
18765
34415
5518
25649
45331
35194
48294
49943
17511
48550
7118
16289
50628
24590
18698
35912
38428
49887
39542
9020
50916
37698
56431
31528
44789
38361
24088
37993
21780
21703
23357
51148
57355
24541
20187
24821
5201
47802
33970
25417
49168
27478
22195
58965
7476
56790
28884
23378
25738
30150
7008
19851
36840
6214
9057
7014
45804
7024
46519
47257
42452
28568
31236
58018
43595
24182
5188
26048
1697
56733
55514
34002
7417
38008
37608
25655
27626
33480
46371
21543
28839
32619
21518
8896
42124
46124
29034
49436
26247
51455
59216
20542
12642
38441
21751
37478
48090
10610
11076
7350
56961
34620
1414
22468
51016
41047
33632
46843
52699
33756
57885
41209
43330
14092
50481
23461
57474
21794
31919
17893
44761
4779
37222
50188
39020
15001
6495
39592
11980
56595
13866
14902
32340
19480
15580
12621
41994
50479
8604
5090
29562
29254
58425
18604
11424
4876
26005
54403
1643
44474
26536
51244
11072
22372
48945
29926
56706
40520
5452
25188
30098
51571
1689
4894
4674
36815
15343
4995
20621
40989
26702
41168
48510
16420
28408
25475
20530
25154
3571
26760
57536
47248
57656
55334
52389
15191
10819
4771
29460
55331
29950
58220
55718
44912
32962
8590
37980
8858
35186
40082
8002
38024
19016
15989
44931
57286
43084
56714
25082
44974
42382
20701
40782
51179
49415
15666
27783
5258
56948
14730
56513
3042
58179
46966
43528
33054
3453
8525
16218
51611
24541
32949
11014
14512
57742
24800
19977
55934
57036
14219
40918
16124
19170
33546
30748
28224
1019
16025
32762
5082
27479
23214
23573
23694
10392
36158
18054
20708
30167
24902
47310
13893
53812
23204
42928
42807
23447
50392
32006
52577
6678
26550
36324
23573
26809
17624
16255
25900
36051
8892
3401
11872
38533
21687
21682
4798
7863
47424
23554
23093
19683
4296
23643
15754
3348
50777
22652
29627
45534
10421
23272
38574
57210
56540
40248
50912
48028
56833
46862
7050
35314
53270
25901
49076
27248
44408
38319
26796
30718
43994
43564
49836
20780
1354
21951
12518
18460
21749
14842
6540
52993
56916
18651
6521
42528
47329
26890
4390
12500
13591
25347
50330
47310
21682
50760
27040
59564
53276
26293
8764
49138
42349
15537
34449
59411
55155
7084
26920
8603
46565
23056
27748
1110
4204
32182
49042
32686
41610
57801
22079
17324
23382
40164
20091
33960
1534
12172
17018
33781
610
27140
32806
11429
31602
4697
20210
19901
47585
16826
55378
48399
22064
38128
16579
47176
24204
51571
19282
30672
15482
55376
42651
23646
8957
53224
47026
18482
55104
41308
35740
20386
59896
6701
2319
4766
44405
25238
20851
44823
49964
47416
45605
55162
33480
9907
38800
8650
16191
7188
2984
44574
36552
46554
58229
59682
9670
27681
27443
9930
44276
17807
30495
30212
51519
29248
26206
23457
4280
48032
18354
11150
21615
52445
11489
6984
56154
48118
1406
23139
34358
19194
53541
43147
38530
14192
42365
19911
42196
15824
20111
25712
25028
49770
29028
35200
24532
45906
21477
37134
50452
14050
23876
14223
582
49443
57926
8130
2940
23910
1840
18246
43742
56908
35510
25655
46113
31251
57927
12028
39387
21129
3566
295
48658
56477
22416
5570
22376
33418
38937
4278
28343
5161
56008
44054
29650
17081
23862
27632
1498
28274
48264
10030
18719
50871
35452
40868
47690
7970
35416
31152
28708
5798
27888
31899
50851
45221
36520
49056
50022
8862
48508
56607
41582
11438
10958
13388
35875
38422
51645
57782
42494
6747
34546
24387
25448
25656
13823
21836
13426
10363
4817
57930
25752
13750
11051
31010
1838
31696
7934
55488
27563
52254
42535
672
51074
5966
35968
24116
17646
8484
56415
7720
2065
2936
53387
7300
3104
59214
40582
53772
59411
27345
42628
14243
24826
12154
22306
7883
10378
51162
18377
17645
26193
38924
15006
47295
20319
37362
27747
15398
37262
11653
27569
55772
8992
49586
44913
28516
24467
50223
19557
14052
59251
23364
35737
37629
6798
17839
25440
14087
35759
43678
37932
54862
55045
53238
40967
26477
3611
34397
33016
35108
55476
4650
11419
39247
9337
20730
56259
12592
32249
50812
28021
3174
56288
37410
8635
56711
17887
878
17247
25131
45900
31467
40238
17791
739
52600
39030
38714
38384
3328
4078
13414
23632
51168
40874
4026
40358
52259
43724
10564
31602
446
4010
49450
40411
28011
56286
13591
4811
53783
5669
1504
26432
5218
25107
48878
48754
53009
43459
50745
47854
590
52791
39608
33057
456
48434
4366
18432
19128
19928
53060
53619
21150
10468
25371
44461
26031
25348
39235
4192
54236
33176
45500
25473
7914
55266
24154
52528
15126
29854
5550
19404
47396
23602
49749
20806
53565
7718
16868
8334
30118
9025
4593
54041
44386
50780
37599
38503
30339
10860
6440
10153
9261
47528
43306
23686
7672
15490
43314
52579
19009
20007
58289
12056
52758
43095
44690
18883
55319
23890
4726
14005
55277
7138
37699
15191
28518
49440
18498
26323
10037
776
57736
14768
47328
42424
33810
55805
28132
52227
37508
57815
44
37931
9246
53119
19754
12952
33861
25284
42418
39537
56704
35428
37790
18254
20144
4607
51320
39922
53972
40318
58927
43464
44688
59155
29358
4666
46631
33748
2594
33662
25428
37022
6877
1153
11464
24097
20370
10016
51828
41025
19988
57696
14524
31609
7276
906
18800
4320
27719
17538
26978
9020
7632
35853
37967
25668
17868
30206
42452
30415
16559
55352
17536
3632
20586
39531
28492
28706
51088
57406
57264
57704
15082
23514
2299
50426
38580
33555
28023
31507
43083
58655
32804
38238
55096
37535
35853
40878
19656
5286
486
35855
40316
6714
18640
54305
35741
55175
25931
6742
1620
54138
24886
18024
29782
41818
22071
18802
33467
47329
39603
14851
39308
30936
50927
9920
19103
35628
45901
32759
10408
16608
28487
51392
32436
51520
19846
17912
4144
21436
48232
52792
18083
33878
48984
39842
3952
4649
33988
6333
56055
37560
5610
24163
22807
12198
6182
6715
1998
20118
28322
26232
44725
10648
57943
54372
1168
13552
34088
8605
37629
52010
34114
51437
19248
8911
10802
22800
28161
54068
49636
36391
44116
59675
6656
40570
58086
56859
15643
54333
17852
18521
22954
53738
41908
37606
23964
53245
15541
40468
1966
35012
1985
44573
8152
5132
26415
24921
39410
25551
47079
51238
40076
48834
21670
14272
40028
25736
8046
30385
52030
7843
21485
31900
51248
12607
55232
20183
58640
52658
37376
18602
52244
37214
27232
24654
32332
35556
12744
18294
50200
48077
45485
50711
48868
30019
47636
36312
15902
55908
29518
14240
22121
35770
38353
32112
48963
45308
27940
9710
27101
48525
19472
52417
54052
16492
51732
49308
54934
9958
42349
28418
48555
55325
43100
41610
575
42080
46901
21265
43640
43494
37454
17936
53416
17847
34852
20739
11376
20114
53363
12583
33818
14083
57854
26198
46673
51268
4964
58751
34647
16266
54544
35877
12944
10900
7004
46950
9092
28634
19403
7919
57330
8011
55200
17526
48378
34168
17018
8250
58638
26127
971
14435
10934
35767
50191
43206
22596
16011
52654
882
46076
43180
15089
25773
7465
30409
37028
56840
38068
55093
12865
23376
5444
11170
50681
30704
43974
35584
24086
1149
23620
39210
57845
44328
10799
38918
38418
26506
23988
36774
54593
49967
13004
7340
21169
15208
26707
31758
30964
24616
31367
3828
35036
27545
50953
10459
8143
54133
24754
31588
16431
19199
2988
55002
45898
20497
5036
26168
35891
44448
22658
30084
57196
15672
59506
38534
3588
57449
56045
30215
6282
24469
43646
14462
46978
21154
28025
56616
4658
38256
50630
32804
11788
19662
8706
34120
17852
46932
40776
8724
5380
8354
36678
47470
16594
40867
13394
20050
43180
52527
56506
33682
39583
55495
26109
38459
39867
48769
43083
18550
50752
13460
37925
26780
34218
43920
2583
45756
25298
57328
18892
24578
12530
37852
9830
55510
56957
46236
39020
29518
23164
46480
31208
6158
15664
4464
13462
14466
56807
56617
32136
24692
17502
2336
35761
55221
22210
52266
44718
14105
52193
15545
7072
32665
35977
49344
48062
4598
1100
1998
45468
56714
31430
57528
3114
3267
54676
47017
22616
7950
3410
6810
56502
29210
8574
45637
21480
22153
32557
3684
96
53772
790
31937
9846
16674
5650
54624
4784
55959
7843
6010
39487
30373
50188
41586
13641
43027
52648
23255
42930
15388
44400
11336
1306
46038
5570
966
47724
45152
13554
50805
54930
52846
9576
39932
43448
1867
32423
42373
51292
51593
27648
50055
51493
59553
42130
55752
25016
52091
14227
9684
23988
14450
44551
5958
57381
23272
7355
30760
31914
21722
30764
54576
3921
21064
6862
2864
32172
21154
20302
23624
42367
4794
36964
42422
16723
1038
42870
24524
59388
23133
33466
23838
6330
10016
18896
6040
42898
38758
47631
13998
43079
46563
1226
20090
25926
25725
5393
47325
58846
28228
29108
2942
38213
28614
47313
7554
18068
59775
35587
14982
45154
58593
46162
27993
8157
45866
23517
18411
50652
7970
11539
6198
15786
31384
38965
38714
39707
9756
53474
9707
54160
38540
47434
55231
57182
16295
59124
17573
54030
9122
20512
44348
8282
28474
56581
14671
29460
9925
33352
16720
41166
35902
54745
46040
32686
34359
50120
48182
34238
32998
39458
29426
4184
56272
3418
50421
41608
38266
6452
9754
22059
49849
1174
6946
5037
7565
2556
20003
11286
43630
33673
7514
36963
2875
6852
47310
51638
14669
40509
41192
19056
12454
9122
6541
38917
54812
2756
3080
17598
45360
50413
36048
31334
33686
38308
7144
15798
34298
25188
26439
42518
35881
37490
18087
17324
18110
33432
24744
7673
52474
56243
8168
21908
29689
56473
36772
14546
618
5158
44111
17825
7460
49281
31169
41679
53571
30553
41871
8138
45549
33738
25164
7482
54375
24547
51357
46749
51002
12958
27210
52539
5046
40890
22100
4254
8938
52632
35342
2524
48609
59795
7508
50793
56534
6098
2494
11692
54382
48520
51066
51872
58431
51587
53222
40468
6133
31679
17198
40139
16289
54827
8351
29068
38574
51676
36458
37150
27002
51624
45452
16976
7390
1666
28398
25393
30215
47424
16808
35352
5088
45685
2688
44892
47734
14506
15684
7074
56257
50834
26198
5444
57827
33834
12990
43225
49832
58367
51524
22042
14030
35979
59615
398
59846
38550
14639
54712
38548
26736
7424
35488
24767
2576
12218
55328
3543
14141
21870
18217
38449
3417
24822
18531
48550
20753
32977
22459
42
25461
18137
53336
56538
6370
17270
8336
52831
34176
54201
11829
26968
35806
24666
27555
25282
37166
14862
17951
28382
25590
58768
13984
12108
13848
46546
30048
8369
16470
33014
30702
33304
38140
49014
22233
56482
27638
33984
18926
57736
45872
24836
10611
53272
820
46649
19709
5430
40951
11962
18460
58028
45420
24170
42762
46615
45846
32761
1102
295
38777
6916
34726
1523
8539
14562
50812
26639
27534
12655
22959
39318
15192
6270
50764
41723
20045
4390
26161
51101
25636
11766
19204
46422
57807
2732
56952
806
53130
32352
39508
7762
12616
12214
21051
6008
25769
11826
15603
21276
49296
7977
2592
44272
37531
17922
22106
2591
46546
25073
14265
55500
25388
39471
53740
18304
56340
38536
26371
20906
23792
30419
56739
32976
3341
26300
6466
1848
43266
7233
3434
52186
55322
12253
6509
53601
29018
40392
8204
16847
40536
55516
7551
44272
55588
50243
42128
17920
45156
14202
24392
25674
58968
3029
33674
33518
20075
1590
4180
27513
52423
24339
41590
22434
56796
47052
39220
53238
12106
19967
4121
11261
43873
19638
1300
57749
37656
4692
12390
39936
57885
37836
57478
8804
35127
8080
37710
30393
21450
3701
24991
36384
33635
51633
58244
36458
38274
20115
53273
15670
19232
43633
32599
12202
10196
47701
32814
20291
57255
55044
52750
40673
45826
6747
40943
53771
45186
38455
32432
21016
12978
32913
15444
4070
26554
48208
31714
4012
11270
18623
42416
5452
5350
55390
51638
56704
32947
40957
50274
12000
9592
33082
1044
41994
8003
52940
19853
3697
33825
58020
25933
12366
36023
12006
59915
35698
1238
53770
5342
48785
49945
46861
13708
21162
23219
44160
59043
40566
9131
23541
7864
38394
25597
45442
59293
23954
53458
37599
24296
17364
52652
58076
22165
8992
16840
7545
54604
49288
4154
7872
26280
46073
26938
28067
33449
27068
36288
2572
45032
26335
32739
48987
24925
22997
28626
43178
8648
31040
45685
56262
15142
4758
55476
55337
47984
21776
8681
12659
40188
16914
16170
34966
44487
44722
29374
41191
52876
25036
42558
39438
46546
19876
48392
57392
22189
53043
25105
31709
21702
15499
10644
26106
32802
51290
30588
11910
50088
9023
15519
50830
17881
53040
1246
21365
31074
6125
55716
56512
42947
18467
8358
11968
16438
50555
1689
23964
4826
44146
50793
46510
46138
10034
3208
50065
2858
18606
19975
59902
30947
32845
3496
25802
18539
16082
49899
47934
20078
57082
44489
7372
7784
14766
27377
8406
26700
31361
6850
38877
56885
12366
50010
4718
48531
10392
59434
23475
58010
50900
50104
46455
16252
46559
27460
14061
12025
38469
28080
6295
15414
5830
42067
18255
2982
9024
43087
56868
54537
18934
41626
54748
34178
28218
42277
52258
23515
1391
29167
5457
52402
43954
1390
20201
55292
3660
28836
44805
51290
35636
28576
41671
2110
42962
30247
27632
30272
50574
58263
44226
21677
33418
30516
53097
14087
38304
33122
42338
35858
40284
11212
24183
34346
29732
9534
53080
21948
14418
52409
35584
8244
1639
21433
54614
53909
47525
54548
28430
13324
50100
36629
39641
4582
25911
24026
54631
56185
45990
50662
30943
42122
17608
4836
19128
24286
22228
16212
44588
25266
16395
4688
27778
44607
1904
11147
42338
46924
45400
9354
49372
21572
55979
38013
26976
35625
17624
55182
51527
9800
39412
56701
6520
4470
32599
59099
6757
12094
51429
19688
50926
52968
4960
2678
16258
14876
37283
29804
1186
16487
38697
54590
19947
9248
9320
55574
21096
27995
32094
12856
6831
10830
53657
37175
3848
51292
18770
5578
58601
10290
6076
52162
50824
804
24776
42938
34637
45088
4649
35088
13768
49370
27691
23966
38523
25161
21585
38896
16466
42134
15474
8159
46438
11546
56790
57930
55204
15266
25751
49974
5244
56808
21731
3806
18074
26075
59467
58487
12774
41236
57678
25954
52784
2478
2543
28680
27450
27489
23409
54716
22718
2896
11748
33884
24770
45667
17868
31157
3770
30410
12880
29544
37582
30306
35950
32767
44473
32767
29212
4026
53309
44810
3166
33681
44905
8376
9688
17695
9256
19884
20244
53446
41444
41650
5634
44716
43081
1769
50737
34387
21600
51696
28769
32618
33222
50023
50565
51611
2122
44611
21850
57514
3578
31698
52327
55456
11361
10541
27902
15824
10816
25435
31770
24006
53862
49734
32570
41564
47676
59071
30388
49770
14095
50612
34546
53669
637
6452
25969
25993
39328
46890
54333
43057
59203
34960
36780
33512
17376
53830
24218
1406
3277
6428
41043
59662
47591
6760
32828
48666
33136
28020
10348
31216
4747
17996
29178
55040
18119
31848
27472
4186
20459
26675
16550
55370
26515
25957
25893
21268
33876
2912
21092
52881
55551
16760
8180
42750
22942
4464
33624
9263
47550
37135
45402
53868
40570
39666
30524
538
46166
16913
26035
51294
17508
10922
24138
6681
9507
36254
34272
30551
18456
12354
41172
50173
52998
54624
7366
8950
39490
26348
20200
20780
5786
46703
14379
47232
30537
36176
14432
3989
10619
4017
49849
41831
20166
16409
22541
33026
25810
26278
27545
8146
688
39092
54386
23026
38580
47084
57362
37563
25731
32983
6719
53602
8294
18367
35127
53472
27371
11358
51893
52498
9916
53738
51329
43100
4566
30006
50227
10096
48835
26886
6910
10186
35366
9452
58028
15060
15355
19478
9194
21431
45564
42422
19078
20497
22494
31140
21363
5350
19186
45342
37398
1242
6018
52740
14930
18187
40919
11563
36126
22178
19615
8909
30010
56624
6983
53778
37743
50979
50784
29787
54739
35634
7220
5964
28206
18484
49011
38229
44590
13837
40372
15120
44745
36040
26878
39451
50866
49604
9213
46256
17722
33602
27764
10773
35447
37589
41241
27605
27264
31800
42672
10564
11408
55978
42602
20964
47232
40822
10173
316
35356
36569
44550
50261
4261
41488
19693
5036
2438
1504
22226
45768
42124
54607
17734
10432
3188
31194
17354
42662
14087
58483
34454
13468
37336
57963
54607
55552
25754
13758
1396
56544
6206
22901
15300
56905
46418
45708
3276
20080
468
5763
55911
55716
37517
36143
25737
5619
43844
22306
21014
53922
36478
7843
438
22303
16148
56033
44905
10512
22157
52865
35709
44084
16810
58714
50527
38076
41248
50380
18377
8179
36168
46398
18812
36300
46386
10016
31544
56779
35213
14425
47314
59254
49584
53505
17653
15914
22022
13789
32620
35955
37238
29402
40698
20490
25572
31060
56563
27111
25038
32404
57726
17853
56877
14957
29446
48722
42146
54622
31513
24989
53566
10841
44457
32310
38802
26884
38636
22744
41130
5655
13532
7397
45360
43709
8760
49742
34083
30399
43143
45899
56640
26488
53879
25246
36313
46208
48556
15350
44185
20560
11402
41456
47403
6056
20264
5230
46597
32299
49879
32122
17857
16222
24813
41638
21671
7554
39786
34546
35162
14756
5954
46593
12851
24834
58209
39774
2679
46571
35540
50966
46276
5334
53120
43476
20202
38985
44890
47329
7476
24932
1254
23276
2157
14526
35976
28003
16436
33262
18648
12296
46614
13536
8073
41324
27172
57052
59481
57186
27510
38284
21538
21935
50850
26886
50262
42100
458
27232
20113
54403
53538
29998
55582
40935
3861
18011
19842
29878
58553
55842
3521
1765
46978
12158
39219
25207
2993
22216
59222
49584
58576
16440
23422
10902
28686
45551
34499
43129
28349
15295
31330
53177
29772
50013
48725
18376
26260
53086
19921
38936
18748
39991
35842
23378
4010
30758
13676
52758
52244
16048
53834
2264
3052
25286
31578
55994
53322
8800
42124
42349
54812
1734
8139
44320
5322
21647
39471
32148
56444
3952
2988
35206
8963
36142
55996
46978
38424
11380
24667
38075
48509
44453
5286
9874
31429
41884
35708
34012
21142
4412
106
12854
32154
32224
58299
40970
23769
21722
47360
18888
6398
39547
53874
44890
56829
21304
32352
34018
21777
13482
6056
53164
53046
18539
1090
39241
12350
13190
17851
33040
4358
1890
32526
27638
50622
28897
28764
56941
34438
1752
23288
32038
25460
39712
25152
50167
38778
33122
27002
21454
14454
12198
13268
50
18147
58751
40070
37514
34776
45296
4902
55108
59993
54928
35710
20554
50720
44597
13861
32325
976
30788
11270
22288
14723
25365
50655
36496
46077
55560
45994
43948
47378
57885
4877
31314
15628
17887
45533
431
44004
28342
35955
46234
17600
26665
56576
28290
21266
6086
55492
28940
21044
21000
3984
9102
41824
4390
38752
38555
16898
47036
41422
16651
54599
33891
37125
18249
20682
52481
37521
29400
54699
35137
56595
24753
371
17490
52036
36
56937
24704
1066
18642
50364
43488
39489
1446
29397
47572
54900
14709
41984
28172
15028
18616
48126
10342
55279
18222
35499
16436
15906
14443
43726
43582
18297
43784
48389
57396
20052
48518
4428
24746
25438
21010
38802
57901
12253
19142
40883
17281
51585
12888
59257
7800
48965
26415
50994
15148
53600
19394
14224
41230
58926
46763
19690
20130
18825
18925
54358
56728
21480
51969
32123
7144
31098
44987
37179
27387
45351
39672
41707
25266
5411
54677
42448
8529
20533
16403
19690
17853
38632
12761
3319
48427
47228
40548
58179
30347
52794
56392
7734
9032
34810
27184
20524
36940
12096
38092
21220
43120
13416
41934
33859
42654
58448
15368
30810
9744
53541
19680
8941
40706
294
46804
49997
23881
14075
47590
56400
4683
56992
50867
31775
31811
31358
15394
49810
3954
23513
36641
36231
50637
48856
36988
50588
57977
20056
20894
14774
41749
299
14942
2280
321
47678
9254
11389
58130
4973
12855
33205
13724
17066
14817
28952
10550
45278
54094
50785
19134
7244
43122
15481
3978
21397
19775
33262
2348
16710
9744
22497
14766
31884
24746
51381
32529
9027
19452
44874
55817
42606
19440
35368
24167
43190
38073
31186
30319
18942
41558
55708
56699
43666
14070
40724
26632
36110
19451
24554
45844
17704
35266
57965
46562
1770
44581
28021
6804
38043
59257
24334
30302
24342
54
50939
3542
51146
52877
6026
9971
8578
16230
4375
27571
53043
15080
54970
1730
28871
39360
41544
54970
18265
20443
11058
53014
23134
33080
25525
34001
13948
58645
30271
13892
42339
39360
52120
10006
48376
26471
43122
29516
54539
36853
42588
9035
9780
6291
18172
25216
22145
47556
52471
25551
41029
19116
18344
35126
44210
53686
47706
45685
36269
32750
10085
36331
5250
584
44715
6716
16612
43759
5212
40124
22214
39226
54640
47003
22338
46830
35243
41074
13172
6737
18372
34449
22460
15180
10106
38971
55946
33831
15950
32982
12006
2746
13646
24523
43089
2293
51519
6668
26324
26109
41448
47262
40794
16542
1683
12134
50027
32558
50500
21936
47102
38076
44934
39092
49167
30187
25408
33521
39971
56621
28344
24584
17782
43062
28229
18403
42834
44020
18070
39777
49066
1721
47580
35312
38096
24149
3256
30020
1009
18101
27387
42289
32741
35993
52608
23136
23576
19342
52173
59353
46918
9337
20014
46094
31188
56556
44585
26062
53467
35326
21740
55561
39876
56959
20358
12706
51630
37499
54700
31953
59373
40042
53530
48310
38966
14669
52298
56882
55910
4894
9082
47472
3814
53879
25629
38099
15120
22565
41231
44245
38976
7482
17467
33568
58915
48440
24782
57352
45638
16286
4877
20360
13666
22215
43689
7295
6500
3525
6526
1672
3619
24698
7680
49674
16445
46480
4360
49058
52559
37455
58418
35877
4114
11415
7411
18290
28871
33058
48920
16710
22111
52920
47580
58727
7382
19949
15462
9614
41684
21247
4668
12856
46008
17684
35867
14160
55930
17378
15662
59861
33931
1819
28010
51095
47942
31532
10960
17230
58957
47677
20360
31630
53456
44180
32621
14306
7098
50921
47074
56896
45719
36424
9041
8482
12762
38965
45288
47090
35542
14806
22132
11412
35204
42254
54351
42842
27762
46058
1430
16255
41702
50940
35525
29244
1478
46049
53449
17810
57330
23146
47118
32551
38124
49592
28680
24178
44183
24062
2321
47357
20598
12952
21004
54052
42708
20732
51475
5100
12632
3458
12640
7062
3984
20256
19438
35703
3307
41540
6148
1424
45792
21032
27994
46824
36023
56056
52266
23999
36756
5162
11974
22935
10463
57474
11856
5594
57166
12342
21218
6844
21386
10883
12615
28870
48914
35252
16386
7632
37718
9254
56251
51491
37268
26038
7205
42086
26486
16124
20823
40998
3001
56252
36372
17936
13512
40434
6098
52748
59246
18438
45337
19953
57677
41943
53153
43330
40190
46984
24041
30956
22902
49680
48155
51820
49482
1238
51123
15413
23128
19280
31212
34455
14126
17416
58858
55337
1710
49404
57564
14138
55948
54599
29804
42819
32557
45303
56953
14794
7972
23364
19510
18731
51668
7804
50617
2660
28170
17850
12496
51228
34088
41542
51497
57088
56096
33562
38618
6936
32096
9844
29534
37826
18648
6630
30630
32363
1374
1823
23514
26762
47777
19930
4125
43111
3228
23302
22532
49040
21476
12435
15580
52228
59687
9485
52606
25802
2708
54082
37691
4568
33851
32899
19459
29665
33860
2330
29492
46025
21815
20375
17776
40592
8492
42415
16497
20593
58481
22674
34298
58414
41085
26390
31184
10895
11286
36133
11066
20408
5043
30456
13570
56754
22604
48843
11726
44236
2967
26122
9772
38368
56442
21843
964
17985
35106
43896
26312
50707
18467
6232
14147
21170
49366
35417
49358
50600
27299
30926
10266
4296
35572
44900
21396
32132
36426
3760
30275
17464
19583
8608
13386
59775
10962
42476
57357
20099
4348
29736
35670
56779
6682
30684
33902
27036
19191
11909
26303
42410
50010
38164
6104
25246
14874
16541
40772
36510
41669
36937
39518
10505
53373
32138
3926
20056
54583
6036
18980
16513
48972
34019
17860
22950
40288
17886
36344
28537
56590
21324
41035
15662
34535
35666
30882
52392
42564
32608
57150
28646
59413
11142
25002
53332
23459
1971
16856
50047
57150
54225
7664
3868
36938
17545
37617
19884
20769
22238
26558
50959
7538
8604
25614
25446
53924
2705
43726
53447
58243
30415
22026
53668
12154
26974
33668
37982
31135
35570
4665
56621
44553
40062
46569
4446
51744
43151
14862
44705
36668
5002
42288
28028
31580
11467
6840
48255
12642
29176
10009
54291
39384
19930
53239
20026
18319
17411
31088
19687
32325
16749
41070
18274
15811
56026
28996
16904
5572
18562
39314
55209
38178
40522
17921
35394
51590
24353
10169
41954
36727
37041
48985
4152
56577
1867
9080
20799
27468
22400
16174
15970
42322
18452
25258
49351
16149
26356
25084
55416
28808
26213
8812
46499
53562
35688
31578
34449
19992
39686
32484
44132
49504
15742
4706
27594
50286
49098
20936
1518
53259
53646
50741
41137
25421
33463
38461
47090
44558
27052
27651
18378
49180
42129
34802
50887
57202
38386
20546
15110
38540
52810
56917
39962
7365
58553
42003
54884
48972
10412
54920
33569
49676
17312
29910
36270
30393
13548
4771
21044
12858
45140
50218
2259
51424
49259
49849
58882
51106
21564
32977
3477
45289
4482
28182
19138
55172
35758
27380
19738
33606
14135
17363
16778
17438
36973
23833
21860
26934
38668
59824
35426
29502
45378
45877
28478
41846
9800
45496
27876
57052
55224
48696
16610
11039
26306
39302
6723
9588
51440
19434
27231
16510
32425
1782
6680
38754
122
22738
27519
31658
9486
56857
32800
35204
35761
37486
28474
29859
7157
39971
18255
5884
2
51062
24172
49032
38412
22156
22121
24471
45368
36615
6009
37718
47639
29184
34340
25814
45657
40990
38140
26300
26996
14667
53505
53134
15016
1928
46218
11407
7034
22454
54113
52638
53519
7876
35226
36156
23344
26323
47550
19262
27632
17626
47998
47939
7822
20910
29071
40386
40812
4225
7376
38990
59122
19934
46120
12892
59268
42362
46012
23268
1296
43812
18379
664
57867
43194
39846
40438
55292
54414
32940
58808
38556
50480
1611
29974
28761
10678
8720
1130
56336
25465
18951
48935
9742
57164
45184
18623
57142
33812
43206
23222
38992
38304
21156
46831
9458
47712
9122
31752
10303
2105
24704
44975
17046
26401
42819
32592
56932
11126
7348
20922
45461
16822
45351
33796
51882
25634
33637
8835
31849
36838
1680
30774
42474
7639
26609
8308
3812
20647
55574
13788
34449
55533
5532
22082
19802
14794
32052
2791
57840
27402
5036
7570
57193
23511
27082
16029
43261
57656
11161
38373
33052
47466
21222
27977
18538
19463
11628
2952
37998
1136
3537
10074
32082
26010
12062
15958
2210
8001
39960
7479
17062
30373
42568
29036
11808
48392
16781
26590
9413
19928
23008
42744
50586
7622
29234
22042
19282
40384
16341
20076
15492
6104
39514
55335
4618
20802
37743
26942
22052
56884
11080
27832
7602
550
26284
48448
25238
41504
36979
25841
9106
30383
43981
27843
56456
9744
24126
6046
37573
27926
14178
22127
2722
35368
35779
57903
1414
20274
38970
15984
32856
18207
59765
45806
47018
37530
34952
19809
22649
3136
23365
36474
49626
44188
3910
24425
34019
51244
46256
32678
40592
8945
48647
50221
50
37673
55399
43989
21546
3488
19008
47518
25259
49834
28226
13844
2628
44
18719
3802
42461
10315
35600
12230
58418
56760
1154
54172
13548
37883
24056
40859
56932
50410
5050
39083
37922
1332
16669
26978
35308
32787
24956
23966
25473
56616
59505
22954
26291
9570
1958
49007
1847
48800
12847
30950
16655
20386
2773
6734
21018
23508
53546
32174
18360
14040
28740
41758
56471
1366
28692
53839
15572
27953
25110
30662
57545
9700
6663
54336
49022
23459
48162
49071
16299
20307
2834
3420
39679
24246
27059
37504
3684
55337
36749
2472
56605
17245
3740
15110
38023
58901
38094
4055
49066
55885
31609
57108
55470
22658
4384
54529
6739
44386
43258
38146
28464
53902
36332
15158
31615
14256
13846
6826
2352
52467
7336
35710
15526
55163
13278
7030
28312
1949
58930
47886
8448
49154
33414
1464
43329
50932
47176
11297
28485
44920
26430
24212
58238
8106
6058
28229
27936
50886
35252
23283
14259
48094
18427
26835
9231
41908
30512
31488
21686
8497
17039
25983
28200
44690
47156
33393
41726
8064
10198
23221
6411
7458
22033
14515
53079
11860
56202
33726
49477
56771
36596
11347
31516
21557
20703
1733
53268
41392
9621
5400
5111
24886
52620
4942
55691
42838
29485
57344
9090
49536
25845
29615
54244
48205
50987
55448
28023
49737
17286
23357
33258
17942
11513
28492
46842
45366
43053
2946
3947
3160
45040
14461
20498
11344
56776
32678
2368
14508
59476
550
59879
12294
5296
47516
37798
51741
7718
16694
21544
56679
6470
15492
34358
8028
18383
34256
24430
31325
52894
32973
38764
1360
4260
24124
16594
42590
35925
53305
55964
1177
48068
7138
43745
26856
45609
830
9732
6592
33310
24238
58933
20338
18355
21997
31952
15230
3632
8804
27054
17851
39704
58398
50587
21945
50824
33899
28665
777
27617
39169
40801
49743
10645
59741
12231
51705
59035
20443
32474
45039
40083
44537
50315
46130
652
35570
52651
18787
39790
47993
53847
20702
35122
10529
53009
743
16431
12115
8145
25039
27896
50096
6405
37815
15393
18774
10613
52885
25112
22369
41639
3071
44367
20516
24413
30160
9011
4509
10155
54041
57081
23915
59293
445
57545
38734
53091
59722
49069
47093
35439
13045
41894
51365
28753
505
34889
13499
291
51705
3475
34825
4359
733
2697
13392
12187
10173
50858
55327
24249
5187
48145
41595
8083
24465
12049
17351
39053
35457
44689
37471
22827
24665
12051
22355
48812
41560
39511
12409
28689
1525
37287
36351
17391
36407
43269
22831
46055
19384
15529
55362
58273
42219
16269
15393
9999
51657
51365
7633
59905
24331
29807
44203
6787
44114
47969
47835
22805
59741
49353
57145
57501
2621
13983
59288
44024
55893
21657
23577
57391
10343
36997
732
9953
33554
21227
59029
50872
12553
22343
50736
49297
37988
31886
55615
59254
36121
31621
3409
34033
33435
27570
5444
50939
41452
20558
28766
9684
56797
42779
6947
36246
2271
18333
52446
18777
34311
20014
56524
44887
46152
32936
33435
3349
18751
53224
21247
15301
41990
3635
45870
13195
40986
14424
48056
4779
22632
50596
58095
38931
4443
58479
54902
58854
21687
30611
14921
42505
5270
17087
9962
47026
44701
53369
47026
3539
15794
54001
36103
58293
8903
31231
48856
18667
38870
6709
51093
13710
34277
45877
18986
7348
41818
22022
59595
55063
12553
45402
7189
14597
33275
57351
48554
53388
24615
29909
869
2599
27035
57382
41158
28961
453
585
42790
23635
53775
48320
27757
33463
2936
14365
43325
48111
24431
42159
54020
47336
33294
10748
4661
11885
43718
31082
38585
2641
24358
40621
55376
39251
47727
43993
46773
47072
35389
38635
45699
19795
1847
46310
42593
43993
11423
12622
48960
45629
44602
50122
21635
11331
22874
49642
58021
17303
45440
3477
2229
42731
59695
17423
30902
58953
24885
59450
56318
57915
24555
2909
20034
31073
47875
21622
59769
16645
57742
6000
6145
45059
40723
36707
57064
25261
10492
32780
27842
39115
34669
42728
49754
46130
32198
9091
14987
48517
27557
36319
55986
56885
58795
46566
11849
3215
22730
17768
8373
21490
59140
12804
40783
50335
9377
20661
25395
34493
4217
307
37457
58039
32033
12163
17622
56411
34165
34770
2877
51571
7086
47141
38937
51609
58762
3022
28478
50521
20416
55220
25255
39559
13473
4536
38314
7130
53823
15415
58883
32174
15691
6625
6979
50498
10688
45377
23801
29637
21205
27005
9792
57047
37192
50911
27768
28735
56496
59234
58949
58497
11908
6886
29333
51921
50933
52885
10721
52993
26295
40189
14441
5050
17881
6505
25972
10126
21131
1280
38104
53707
29243
38919
12695
25174
19707
52515
43895
20955
15884
52429
15255
5919
36142
54517
29609
9818
47693
1680
47935
55043
38200
55385
24571
25972
54591
8295
26410
36318
43023
41619
19741
52417
30802
43231
9011
19052
40925
3705
44483
54115
59103
16538
29423
43315
11095
24995
43363
2047
28665
55017
18614
58378
28987
29806
40009
10427
52205
12595
26977
23313
39733
41123
11794
31871
38108
30241
23409
2287
32833
46048
38926
20131
17757
36990
38622
43506
27343
12226
17757
54056
56018
47709
53384
19308
33990
40640
50749
39242
53857
56638
10841
46915
49008
26161
33990
31949
37476
51496
48822
24667
25445
48044
39790
32706
20035
25445
16615
40861
46769
25447
40861
38946
46971
51077
5076
25297
48194
53702
51077
58468
6623
21327
4830
48902
45540
34456
54056
20000
32585
17742
21320
17742
2299
41851
39117
13924
43148
45922
19678
53810
18765
26731
26364
17761
1112
48127
46942
34980
21332
3516
11105
25702
4646
14704
14785
28097
49865
10799
9591
34489
31904
47777
27093
33080
27371
39765
30249
13174
9601
46839
22040
2731
40788
35723
40660
22038
43396
53948
24926
9122
29249
49253
45990
27233
39472
45699
27215
14849
41079
59790
41486
30925
43644
39090
45237
2751
718
45333
21229
7599
28977
6994
39657
46792
6994
36114
11805
12482
30261
51290
24698
46106
7174
57318
3162
6557
17770
15370
24115
59502
30801
2206
38190
46142
27229
37791
34197
7605
55441
23217
31195
22663
19877
9740
48470
15610
27300
13402
45368
26793
50758
51479
25460
33874
48849
26755
4944
36344
57849
26883
1520
53892
39326
49881
54862
5516
8180
57492
19877
54224
37304
9229
49564
29457
35374
37470
50614
2628
54500
50039
42620
16630
45368
21453
32901
25460
43660
41079
35853
46913
34917
26710
45191
27648
59206
26499
37701
59564
3964
37624
19245
32280
47296
59192
31969
46801
49369
6350
5111
54283
31175
25709
50038
35367
54343
6038
17121
13206
27039
29890
1147
25634
21185
33363
45053
57361
59247
23663
49409
35819
47754
32665
59265
32653
24067
323
37472
59853
57042
16140
27543
17474
53569
21173
29276
54313
45947
23281
57206
7843
40097
55072
20695
11433
50519
25753
50115
14407
48719
16913
29583
53587
11329
20243
57019
25009
54924
11465
23839
14435
28338
59860
20421
44675
6198
36748
6851
57147
16265
8368
36319
6420
4579
40621
19357
56419
1617
35509
44662
4919
24203
54996
33493
51387
35823
29918
9897
54474
48127
10525
10333
25611
32909
26474
40943
18909
43349
32135
51079
40193
16745
35718
26851
35589
10121
25687
49795
58113
41722
26467
1951
9598
43335
48816
36816
1975
31839
21187
56652
54581
32901
9726
11060
23985
54581
13028
16727
8703
57744
35642
32224
58117
25081
57174
54032
3171
21537
25842
18931
56029
44209
1488
13532
31037
5868
17478
50561
17779
22030
24969
12590
51521
27736
31526
15268
12851
44589
51625
17788
42348
30801
52446
54192
32342
28839
44547
7549
32154
58736
58237
27801
39060
33188
49827
18360
36269
350
17788
33707
6504
29946
50065
20664
17604
19032
29537
57494
58743
50913
31138
1696
40420
4506
46884
56344
48858
14829
50871
6514
23277
31238
17836
44764
49102
59406
48319
14777
50883
55992
23108
54552
39507
28682
43954
59406
41344
17350
49756
14667
52980
15674
56812
14775
48858
25477
48940
49102
104
9655
11928
43248
13808
35875
34320
23816
50678
42272
27401
47319
20109
17520
19917
39562
49102
49518
14777
39742
30388
14685
14777
4527
26841
30247
40764
14580
50068
57927
29878
3643
26759
44846
38626
36422
48614
14777
50678
42930
53434
22720
20654
46766
17836
47386
29190
54274
9732
18294
29537
5880
52356
30838
34150
25260
14829
55202
56812
30474
23796
20119
56703
41778
16411
47346
30762
37986
37639
33014
13808
15262
47016
34082
14701
58874
33818
14699
6956
28498
17350
18224
49975
12146
14829
9655
30383
19508
34512
49935
49837
42627
29421
33850
56558
1863
46691
6237
59453
25299
9852
57510
36621
26667
56558
16220
25333
6217
39200
25299
23347
53903
36741
39485
43338
59366
23269
8734
24453
25339
23461
53903
35052
43338
27991
51137
35317
21903
2982
29405
34144
36185
28109
13208
22944
25449
5988
10606
24721
25309
36315
29481
58470
21901
12796
36687
10606
28125
27897
52423
48950
4888
29399
18040
58469
26406
58470
31195
19481
39037
19559
28125
56558
29471
48083
28017
26873
9852
21875
13519
29405
34168
6195
6283
6519
50861
6217
38468
44820
10337
25365
20610
2031
23347
59429
28029
33180
58470
27971
19651
23193
21529
12030
36741
14219
22015
11396
29317
21786
48819
38244
37133
24105
21786
13110
29429
52437
33970
59429
28415
43768
5525
32718
54613
38166
10809
53086
59035
43489
13990
1903
38729
10983
29267
25685
48779
751
13226
54663
23769
58245
51044
32085
34917
31582
26465
21093
43413
47170
43363
12535
5563
39238
25924
36991
59170
43189
34917
8929
12974
30830
14977
6775
44573
52498
35685
25619
14368
32380
19799
57006
18179
25687
25045
21857
10507
20693
26299
39876
18863
16269
3269
11821
54365
13387
6573
52547
38775
47967
38279
37252
44587
28333
4551
25764
55341
2317
43233
6482
15198
1675
8981
43333
5565
4539
3477
12213
20277
33833
42011
25342
48520
42823
19634
9488
43329
4291
3839
3373
16123
3160
49408
53086
881
373
8169
52617
59704
23093
21622
25671
55755
44643
24389
8870
4454
21282
6187
10843
44671
33833
59008
57259
19315
29162
42821
853
37297
40819
30352
26984
20981
459
34279
26069
32839
4298
59485
50163
56609
50979
27472
31446
46790
59676
22107
22016
23048
24962
40098
56579
32505
1258
13262
19197
2612
36503
50315
12642
44772
40853
32258
3516
54593
9067
26340
16962
17222
34212
23778
9049
5692
56821
51523
21411
53543
58196
50744
3619
20906
44562
17069
26217
10178
56521
28157
56521
11303
10035
47701
26831
40166
18104
22028
46930
27465
22854
29964
45724
42794
25727
26831
31229
10564
48107
25765
38931
59008
21113
23778
16095
16456
14122
13728
6577
34842
2206
41019
29044
23720
24636
26921
6150
52037
54593
38762
8282
30848
41029
49898
26023
49747
50479
20649
27963
45049
23624
11815
1852
42666
10478
4400
24538
26595
26191
26372
49989
48962
24636
10363
31169
2585
6601
35201
17969
9811
57219
32778
47985
44033
39181
40193
823
1695
20481
3113
31267
46979
57371
43187
18317
7070
34935
20377
16083
43235
29807
9811
5723
43379
2441
14557
52637
10767
52511
46979
31267
59803
2695
29060
47887
47879
22267
47815
38737
58795
52491
13792
17905
35119
42309
5922
33935
23007
20475
1749
49649
42069
43415
47957
4393
10185
53115
823
10527
49545
39199
4293
17004
41451
44235
16229
397
34149
30571
53216
38709
46255
37333
16167
787
52601
19641
59896
51391
3113
15299
42070
16582
23777
34957
19245
14917
53133
55235
43523
18278
55955
673
16093
56979
21347
21586
44887
13484
15544
26035
35602
45863
46055
13260
15475
35224
44499
15444
43715
37950
31543
3685
241
38659
38495
481
5180
619
48577
7149
10689
11866
50299
28460
2844
43292
53584
20378
45879
233
15169
15728
9255
12698
29091
51468
54283
49139
30124
32571
52466
23966
3639
14445
27186
53157
35800
35572
373
25543
11413
12666
12165
13609
27415
1850
4154
15495
58201
48116
50278
24864
59552
53797
4953
51422
57922
18163
8454
50488
33168
23748
42204
31621
38189
15267
56231
20226
34466
11013
7519
4524
47337
4413
34392
7716
29567
21018
39322
16399
30633
38357
9694
44617
37701
39148
7012
42098
3105
15109
6669
53797
8076
27058
26474
38995
43961
45927
27587
27047
58780
40060
823
49653
32233
5644
30001
29979
44071
20341
5183
44187
52171
53157
35435
9538
3081
53803
15031
44139
50503
17589
19095
52616
15357
33253
23559
505
43589
58183
37861
28484
26272
8760
13317
10199
20319
31589
42905
35521
7657
8895
17565
15335
13575
41395
41413
52167
35201
25173
30504
58771
2485
52815
48299
20803
12911
12483
14905
35287
49401
40603
17407
12179
23067
8373
10367
54735
23017
24353
841
13893
56181
12261
46404
5173
4075
40603
41611
27896
50955
19175
5271
49491
59293
42327
11279
57537
1013
48445
13183
19389
35459
12127
49491
30602
12365
24347
35349
41462
40585
32167
37159
12653
56169
39243
13872
58821
13187
13187
47075
42197
28919
24529
40493
39449
14275
34897
14017
42111
13579
12273
2484
6619
13939
5501
10957
59754
173
3225
36703
51329
44333
44213
22917
12547
12929
41239
24491
8369
14294
6501
38545
48579
32197
46967
32239
5323
49459
37861
37084
47626
1910
1609
15350
22028
25711
15370
30936
25686
34489
16306
18116
17851
35162
40923
23317
49959
40214
50790
31896
9691
31894
32949
38867
28393
5363
41442
32941
13934
26586
43122
36968
9214
40816
32488
32905
39382
48176
4914
26051
32806
15158
8700
19774
53318
7664
52656
25639
32569
10980
41019
43122
48544
40306
39586
41164
58164
56653
57344
6856
2095
2206
48449
35771
28626
11454
50048
45299
25679
22418
52531
41019
7416
7950
51652
6286
33571
56925
53488
24034
4914
7888
28918
1892
26053
27501
21039
56917
16737
30277
48381
49377
46451
40973
16306
30295
50729
26703
41190
21118
13476
40032
17867
16062
57410
4503
11602
26663
21436
45088
34187
5378
33014
39046
59737
29088
48130
30361
51413
34359
8094
52034
43122
36022
34652
16540
54130
43050
33564
44606
44529
36979
40374
3235
55229
5385
53702
4609
34347
46479
32718
35347
56975
55605
17951
3207
15087
39419
18015
9047
10983
12129
13161
59268
36683
29399
47071
55357
55347
20377
6275
10564
16271
25414
28505
29333
55823
55349
26375
43120
39243
56057
48185
11974
26145
1921
12105
5173
26243
10891
39119
29706
44402
51367
43155
12654
35002
20561
47071
39205
36162
381
36212
57489
40783
49089
56629
30167
29346
6483
58968
46786
53891
24269
18341
27100
29627
33183
52563
35023
40250
11419
55383
55407
10113
381
46823
4187
9076
48879
1955
28187
25505
1229
59245
53321
21176
52635
49147
35309
44246
29293
55448
47997
31996
47708
10561
31168
53927
39220
23720
55379
39215
13638
2153
13429
30756
2439
34734
2451
53707
40825
12411
12283
54263
7404
19737
47329
21655
37066
50002
20723
23631
48987
25420
29375
45085
26324
48595
43603
43735
51205
11383
25625
20371
10416
13484
13531
34947
32582
16538
11421
18967
35233
25705
17694
34989
30472
52629
21173
51636
59829
20186
315
45025
58628
26397
13437
45025
55321
15895
25228
35443
13634
6483
18155
53586
49347
31215
47398
48134
36656
6581
20723
40115
51295
51391
29240
51109
2726
11385
27078
54837
43120
44498
37061
58524
33119
38742
31139
1728
51045
9141
55321
59829
45083
15358
13693
10681
16464
35565
4027
56974
1891
51050
45103
36479
3151
18967
31047
28753
12659
19339
45906
5231
12915
12263
579
45958
3435
48883
421
42252
54900
34989
31150
8303
45743
18821
56057
42091
59020
54258
8373
53007
49087
38995
35934
7429
40946
46331
11730
45637
38063
49432
43490
38542
32689
43929
16213
47932
10077
17519
40769
15263
9851
23587
879
31613
39813
13793
15079
57745
16464
8249
17905
59710
5509
32191
5207
38249
43320
26470
3171
28454
44077
42777
21129
29750
475
28683
31271
40324
57027
25245
36037
33375
10352
52616
58699
46029
14369
7059
51733
13372
1652
20191
16895
59080
41256
54971
59752
24353
879
20267
87
9861
37825
59695
19029
8122
15853
17189
6127
16922
4109
17317
49601
10387
49673
37037
53191
7059
23589
17331
8355
10903
44343
54033
23571
40397
18794
40999
2332
18155
6674
42910
17788
35580
56867
10819
3024
47668
49873
19465
25479
14251
6219
54663
55868
37474
47797
16325
37063
52917
30908
24107
29441
52301
8391
18251
32718
44573
56445
33424
42404
21976
55039
1991
54643
48443
1193
6257
55341
20610
4669
29527
12688
36641
39615
19437
28063
36613
55769
22902
46915
23237
25749
20561
51275
1385
36723
39615
47891
28146
39641
20477
29331
50439
19645
9976
35129
26335
51604
6357
32111
25687
45342
8577
36211
2332
42654
52917
2395
21583
40071
8387
7943
42177
20879
10813
25617
55369
53078
7017
48815
54831
42073
23299
33945
11071
54749
32400
19223
35097
39541
54849
795
54791
40063
11063
29306
48171
19485
10819
47967
52239
28325
59855
12975
36695
8577
42177
54791
44708
23065
17991
47097
55133
1991
17467
5571
8993
29675
55872
1978
29639
32153
477
29675
3417
6517
59680
43249
48598
16863
45222
151
11076
33453
24355
1821
563
25279
37337
3455
961
59614
35693
1415
44041
20368
14609
35221
45901
41529
52113
58971
50087
45222
3245
13665
9463
19228
30053
27559
41575
44141
22436
41437
35267
30119
1793
41387
52079
6851
7047
39178
54852
893
21647
29865
45192
58043
37369
5351
3967
57359
22435
53839
46433
17241
4628
2465
17579
41377
41321
52559
52191
36465
54241
35139
56149
29777
21623
35298
57765
43273
457
40667
57704
29935
19023
30141
56346
57458
700
36971
22780
15603
24864
18777
42060
695
17275
55565
19023
13203
25005
4585
13877
41619
55927
21157
38643
19259
30418
28481
24661
2583
12621
28707
41531
899
10833
2609
53997
11603
20877
38847
13877
32157
33991
19077
14487
59894
9852
22433
16501
57221
53137
24695
23785
44147
899
1533
40000
44638
21605
3207
2607
16493
53141
6317
13498
22118
675
56161
5075
47863
11887
54581
55981
20787
18021
41247
33085
47893
4115
22475
32281
25455
18943
28689
33047
17441
30779
18815
18848
40623
59923
34969
34103
20461
11917
46019
39257
54830
45351
18891
3359
31251
16427
38847
57246
13889
6479
10775
5889
14454
43841
42217
43151
52629
55909
30418
18891
43039
58299
2890
248
30970
28256
39078
32750
52880
52786
18931
44892
23380
23142
47290
56492
8768
6988
58552
44550
53924
18444
26782
42545
30287
43506
10786
47117
56284
27876
20022
35912
28200
32808
25145
45120
31115
34257
12978
52676
32580
48602
58733
21175
16487
19658
7312
44825
25760
22228
52865
8882
37640
30274
13348
42196
57830
36742
15782
6656
44158
56299
14300
15196
36742
44132
31785
16174
14562
21018
13906
37662
58890
27874
16028
1256
53830
2099
37514
40941
11856
23954
10497
13240
5360
30354
14706
56616
17476
30964
2612
54116
52328
51086
5244
44559
54732
10022
30948
42128
50034
23842
2331
39169
37549
37798
36139
31646
41992
5434
17468
32146
7084
41550
50516
22079
24576
24135
16705
26461
45197
53327
6357
39661
51151
33223
21448
37119
28552
33885
53028
34090
19547
6075
36209
48445
36733
42631
37231
35361
3657
8899
32383
42719
55657
49297
37385
3575
19563
21021
14173
24285
39257
38192
18787
39133
16097
41197
19326
41981
39071
38943
39109
33751
20389
39109
38811
6055
37187
44118
36577
51218
1993
6131
47741
50862
8573
6001
12141
42719
42583
29475
16131
56771
55657
12141
55023
12101
1991
48211
33757
38639
51371
55547
13573
21415
48144
6003
59429
56574
3657
55523
5999
7963
23597
36749
36801
55505
59164
52445
26083
6131
29405
51221
47707
32383
22741
19461
14263
10234
35361
6169
36319
33757
51237
6133
23101
9399
1379
17694
34511
4619
54827
7985
36731
36685
8455
31014
29275
10231
10233
5475
36765
57597
8405
31014
42591
42031
1207
37211
8533
10257
7653
8427
37409
39455
42031
5034
26612
19766
36603
40611
28283
19565
8383
5309
1267
8666
42848
17283
12995
20257
43707
1193
57443
10879
7421
40521
32037
23057
38803
1361
30484
37465
42649
37081
36725
1383
36623
7983
20915
8258
2005
36737
36801
36591
14614
14387
14387
42247
1241
47437
37153
12993
36685
1187
13177
43707
20979
10299
36767
47373
22793
34711
1267
37139
17222
9242
6891
13027
34360
10233
59746
36591
5018
22641
6121
19222
13206
23167
6099
11021
28217
14069
54699
46957
36681
24999
40074
8053
16456
56321
6283
12574
29399
46957
25418
37126
55837
15316
38617
37765
43217
16095
18432
36840
25563
11934
53400
44936
21865
2909
39155
5379
2645
28704
33059
43835
43633
56013
5040
30463
6099
6115
55733
58963
28075
17694
18218
16464
21456
19784
52409
5403
32313
39393
19255
14091
51706
47530
49627
24323
21027
24477
22813
5673
10529
39481
55431
55939
47977
29465
22691
35351
36677
19285
18787
13095
14031
35723
1319
51259
29475
16538
56394
27509
1828
42093
5475
48433
45852
21939
4691
39657
33921
23352
48643
8537
48962
37308
52003
38617
11382
6217
6009
19851
24003
39205
31812
50174
28981
12163
32918
920
14048
55947
1373
13571
36319
43137
19583
19535
28627
46685
31930
51133
29026
12898
15951
28179
35242
42129
4854
36273
55326
6592
26288
33749
24157
51229
20753
44402
33670
20438
19152
37229
41722
29487
39205
27993
8897
36410
28123
53610
24683
36185
15905
17744
8492
16047
17744
34905
25341
20983
3237
28063
14816
56282
9872
4392
13498
30531
17300
54815
14816
48976
7985
13676
25687
5961
46246
6201
45513
47969
44395
55715
5401
18879
55515
15545
48684
15693
34480
698
9897
17355
25175
9947
24453
1848
38331
37331
49720
22844
7929
17253
32191
14887
14377
40165
5215
9061
46223
42089
35495
39953
44912
26055
19296
43883
34947
53943
16135
36638
50951
19081
25735
38239
23557
12365
5307
10545
3655
1841
3779
947
39143
3035
12599
58019
8286
37899
12469
31305
55251
12697
2521
20333
2421
35387
815
38687
53147
31824
7703
3515
4079
40761
16765
40833
7164
33401
12489
1573
28965
28975
13993
33977
56794
59623
45709
21055
38205
50335
45208
44825
51109
35525
53821
2131
15482
52881
19275
7099
9393
18807
787
541
59097
56113
7929
23563
55009
13955
21698
38767
13961
23011
17171
11159
20293
16901
10725
14422
33842
6453
22849
29729
32461
32449
36721
56324
53945
38783
16115
43421
34773
11917
15067
41843
42329
49593
19416
44087
24499
9313
29033
16837
10775
89
16138
24460
20567
24970
35003
18829
29023
6710
5072
35421
16165
46305
29268
15765
12397
33355
1435
4000
15765
28220
46858
20845
57413
40685
507
16177
34671
12447
54493
8920
59706
15707
34011
32970
16845
12085
53865
36105
821
9082
30073
13201
7978
55062
19059
18841
39019
3061
1422
35585
50449
5638
10693
5104
741
35298
5302
24553
52839
48513
40171
1435
12331
490
35115
58827
17461
23791
10418
12240
3709
9765
56817
49351
23215
315
21407
54873
53195
47799
36775
18975
35895
46675
6085
27827
45997
11079
16123
52455
16589
59842
57467
53935
31361
16483
30609
20181
28588
24699
339
54604
24839
18023
57544
4583
2911
31337
18881
52943
6319
27967
55533
44937
12503
51311
16109
9329
19295
5281
24441
50954
13933
13955
2557
13379
4303
29523
15075
10477
11343
15135
35954
59504
55367
23150
26141
38943
16143
14925
56387
40128
3815
41387
24249
21189
39143
44329
48753
9451
40713
24564
4173
10399
49108
24793
38504
39895
52513
4603
18881
57295
53301
23767
59062
16715
24507
47935
18957
13418
31157
19295
34209
58783
15073
44061
14963
47695
50083
44165
25111
42843
8909
17236
2362
53650
8957
25419
27963
31071
43774
45223
42597
21903
12394
42583
58465
23286
19083
21955
10002
36754
48843
11526
57436
39587
2820
19608
39065
19681
21783
5170
14289
48879
7056
21937
23395
32928
4400
11690
59398
32400
16257
920
4400
47791
51936
22852
6859
23344
39669
16516
40590
25548
28115
14067
20215
46965
26845
17707
47903
37474
1283
55851
25327
25868
25419
1281
36251
462
42450
28115
19481
28075
29186
52270
39914
31135
48633
21825
19648
45284
5614
26298
50164
9789
2037
59456
55091
3322
55048
9012
25463
17184
55755
6
14930
56044
30218
38635
27309
26819
17145
18232
56831
47585
25209
58174
23938
8628
32861
53743
55473
50026
34074
277
9037
32565
54562
27887
40794
58028
26427
10318
15030
17242
21365
26697
33284
28884
56945
612
34570
45018
22215
59217
50906
47002
24894
19129
40687
36831
2642
47026
46644
51577
5818
18661
32967
30297
58256
32983
56297
34736
33372
36517
19820
18585
21986
33567
9049
42672
10011
6616
23805
14927
662
20761
6794
36764
40832
57845
55409
15782
16518
15531
50643
25815
26822
9413
41181
51625
7425
17626
25082
35906
14360
58930
10834
13916
12198
34980
34748
18289
45362
38353
6475
59506
50641
13170
43936
53825
17863
40832
42006
13504
18289
44488
58930
25506
50148
58930
41606
12842
33769
50915
55929
41930
50169
2190
2056
30969
56617
47454
55973
16753
19859
10409
35347
21831
57582
36639
51311
10039
24791
29419
22629
8963
54815
19633
30830
1991
18023
4661
31119
59243
5167
16267
34961
21861
40912
2049
33269
39133
22913
21924
5471
33773
6561
8939
25019
10827
2664
6247
24161
33773
23361
41581
51536
19587
34762
28111
19403
5447
4856
4557
15569
51878
38887
25253
26200
33026
45551
55807
10541
20215
17905
19964
55119
15452
25796
37215
55305
20645
11996
6609
25557
10815
36557
43440
10971
34961
625
6629
48501
28055
6121
47855
51237
44521
54617
4525
57582
30210
33026
38988
44664
12925
33003
48755
39243
4179
59172
2599
367
15426
41963
40099
8925
51345
43703
42601
32665
55811
1849
36130
55847
6121
43651
3663
51153
29463
50869
2037
16538
6519
36395
17014
11449
25717
5275
3663
16531
22954
4557
2641
48557
847
50138
48883
50234
1793
55783
23739
15293
17927
21075
20346
49253
2387
30988
41529
9425
23589
57005
5297
2627
53945
11115
45409
21587
923
707
25035
33761
375
6373
53421
27635
45049
26112
13473
44643
213
28113
16243
12669
22238
24359
10403
27631
54451
14887
28333
54685
2374
35217
29389
58330
25721
9171
10993
59224
303
14402
20243
52112
29811
55342
49749
49720
59013
18615
39898
49353
34157
13754
18047
20475
26051
53135
43155
59163
43377
25109
46694
18505
34377
2591
51525
3255
43571
41859
55077
23705
2487
24813
5571
43237
30050
49601
2607
42773
8101
39953
59858
5099
12093
49627
42621
455
827
13401
57619
40733
13142
12185
705
4343
49317
35023
43869
34947
55365
16231
57545
53293
30129
49189
58339
34955
43541
13393
59668
11993
18899
14011
13849
34753
26580
22967
30569
11189
15293
24281
28103
23017
32225
15083
2249
19059
19200
13419
57789
12529
18017
20591
6827
9447
11255
12529
43285
30175
43447
21021
15617
585
57423
15091
5599
58293
46977
53621
2153
59985
12545
44031
107
57615
27542
35447
11765
383
10479
30145
41195
5911
35535
29623
24254
15091
33580
50939
951
10693
15314
17327
14148
3399
1161
15809
10725
43413
2453
18881
13255
21331
18987
18987
33023
49473
47230
34461
22403
6919
12551
5562
531
20534
55273
37861
49595
44109
199
33047
13393
10671
52563
4127
37168
6946
38673
2489
31337
55273
50951
45310
40369
4195
43639
3944
38458
9451
46963
22533
24377
54907
59989
55782
5214
40018
5528
27695
22901
41859
24377
5963
37153
4079
32410
17193
49081
28288
841
25106
55745
26910
17272
49926
39046
1490
51310
46697
54034
42500
55576
39776
59425
38341
39046
59473
19627
56500
12242
8318
54012
21281
52982
14115
25419
53100
6159
14046
48155
38930
1528
28115
48155
25463
1984
42752
10378
28067
36243
37594
59471
34331
9388
56642
48202
6065
54242
26701
48648
32748
7190
814
43344
11566
8392
28409
14055
7137
32901
51559
52575
51932
16245
32601
56903
9685
39438
17636
52417
43632
14610
32744
7024
2916
30222
21453
14189
57682
21485
24404
39057
26579
2221
34483
40250
47258
59873
46799
55913
53581
36478
54536
47175
27460
35288
26667
4263
10734
44040
14048
12574
34469
25497
10787
50254
33891
57386
21953
57966
46697
27993
34337
37922
36114
45146
7935
13232
15080
19681
40179
20461
22881
59299
47521
38217
59752
10769
9811
53151
5627
10669
56973
30813
54881
32217
38555
12233
31399
23611
33023
13157
22688
30183
44447
12233
44437
16877
5419
50858
18815
829
59708
49235
33827
12629
12445
13265
33049
17211
157
36431
5583
7747
13233
35581
22573
53153
32267
1285
4335
2147
9638
28843
51631
16165
12667
11281
31034
32281
5978
17397
28909
703
913
43463
20333
13953
10767
59894
24247
32271
13939
13971
20907
24401
13115
25271
43555
30073
12587
9951
5493
12233
13151
45434
25118
31662
38236
9205
54265
56604
51601
43792
16326
54353
26715
5366
5378
29543
9023
19858
36788
21680
19016
7914
40214
48394
53683
25705
23191
53968
5500
22854
15222
31964
32635
9820
21191
27042
44824
908
28656
27357
46760
26224
35610
43682
28694
10900
44520
34662
18926
45914
16468
5786
56024
45813
49959
26213
49640
3652
17056
30019
53392
29902
51006
52398
51409
22416
28046
28694
44976
3319
51604
21599
11248
2708
23226
18778
790
48914
37812
52476
12851
45674
38968
1766
44688
31001
36252
39866
49857
14944
45173
1966
54348
57957
11897
19664
15712
11402
53625
26921
17778
2295
22906
26092
51210
4872
1754
25071
4473
37807
38104
36188
6940
13480
2952
44876
38542
6576
27494
52108
8001
18161
48110
44824
47466
14958
29106
56761
55204
16575
36205
23408
35912
52625
49262
31590
9549
11136
41824
57616
53543
23349
47386
13426
32246
47755
8017
26043
13765
7903
27532
58458
31526
45227
58581
47550
26047
51513
26431
41322
28582
13737
21216
59192
19019
36697
36119
52375
5270
53238
16951
50842
18741
22744
33629
51566
29262
47466
33006
53284
46304
57903
26364
45099
47852
7527
23805
44615
46765
39450
48240
18575
28274
48946
34345
44669
7894
30934
48864
34311
30245
52537
6772
54504
116
42073
55205
36846
12192
8448
31448
21559
26439
6445
23472
8789
13325
38216
3974
39410
9061
43274
43249
59246
2855
21403
39057
16018
14087
42198
19867
16728
4479
8008
15222
21513
53304
22036
32586
7903
9824
1366
55180
26496
50209
35681
16159
6099
6612
8061
5414
54537
21841
12295
47091
10823
11354
30809
4269
6375
27814
45878
22905
4097
52028
19439
34466
22576
28333
54662
38477
10019
17945
3192
35581
17357
21551
4412
28248
25650
11757
3991
26283
34935
15030
15482
20988
39607
33925
776
15659
20767
48338
16159
37891
8818
34547
18951
18847
5558
35521
17013
55109
5427
33867
4531
33881
50979
35676
59220
9724
831
21280
55829
24836
23887
18895
9061
15482
23242
1991
43641
6611
46957
25625
15918
59885
25440
39403
677
39185
7837
23177
35383
13495
41452
8903
35567
787
56025
37053
46098
58289
25273
8871
59925
14873
29003
18909
32245
13213
867
55053
6557
41561
6140
21212
31593
7355
17243
8078
59725
22456
41321
49577
51358
45502
43787
24689
32255
30585
21698
38326
39725
45059
58363
52229
52787
24279
35637
3487
33618
13721
57059
53789
31425
32447
34661
6929
1589
17367
59760
463
13965
42015
40641
53211
17267
19623
12189
15675
38711
39337
31321
21177
53847
54871
43557
1813
7705
35561
443
32283
53265
44363
48999
1515
3491
27616
29222
2089
49320
24421
36001
37937
40649
34033
7167
55026
53317
31343
54295
33419
35290
29969
14453
13701
24347
26199
58270
21207
43939
3155
35347
48563
5813
44215
20353
57541
7763
39025
2581
57775
19229
39181
2439
25178
17589
43285
41441
1459
10705
30649
40206
30175
54041
30063
43589
23603
36367
1459
5953
56452
23780
25049
43119
997
10681
13971
9427
58342
59711
34059
37833
1135
32175
59160
13879
18651
25281
33023
23725
44433
37829
949
15453
51715
35907
3067
10137
965
43119
22259
1133
23539
52305
45739
23629
53171
53233
57581
593
10731
41676
39901
12290
6330
30185
13905
30466
34855
35233
15349
23671
20565
52147
29645
52679
40091
38093
16847
10731
23727
39797
58339
13159
20951
52135
59288
18853
29519
10993
13541
48691
28959
25790
49657
45087
45913
43155
1827
20881
9802
56253
10001
41353
22533
53772
6561
34947
49986
39167
59756
29119
58020
16649
43896
22622
3289
26632
52667
35365
50144
2166
22022
39169
57572
43301
49236
11347
58717
31751
3145
2907
50229
41289
3886
57518
17490
23054
59618
51725
19450
21757
44861
57850
36134
54013
58795
39278
15289
50380
35261
23871
57379
49069
33988
9330
6312
41067
52729
37486
41705
23
3271
39931
38259
46044
55343
54655
54342
4774
30434
11589
1773
53106
8052
6821
6821
52401
4278
42204
35291
39931
23643
59521
3343
58150
9835
889
44093
59918
45119
29645
8835
7815
15589
24261
23589
30171
15055
4429
41125
51967
20521
43565
21621
21188
42075
56146
31245
44107
57477
57561
655
54852
27623
48602
11743
59817
15203
6622
54219
12037
50381
3421
12457
49403
2368
2981
26909
8693
24817
24279
47365
9698
29643
18963
33963
59288
49403
48474
15813
59902
59088
7770
46816
40912
7163
35659
1789
15445
43573
27769
58156
9747
31465
24864
49115
11893
15653
38757
19101
57347
37429
41859
703
893
43839
6269
2191
30969
58619
39641
2089
19775
11985
56749
10862
46263
8533
9315
16390
57806
3261
36407
22424
